IMG_0582.JPG text 0.86 1067 915 600 858 594 904 1061 961
IMG_0595.JPG text 0.79 901 345 893 292 630 334 638 387
IMG_0595.JPG text 0.80 993 551 984 473 426 532 435 610
IMG_0595.JPG text 0.86 873 281 860 204 666 238 679 315
IMG_0595.JPG text 0.88 607 623 515 623 515 738 607 738
IMG_0595.JPG text 0.88 611 758 507 758 507 890 611 890
IMG_0595.JPG text 0.90 949 919 731 911 726 1046 944 1054
IMG_0595.JPG text 0.90 598 1055 511 1055 511 1165 598 1165
IMG_0595.JPG text 0.91 941 1080 691 1067 684 1205 934 1218
IMG_0595.JPG text 0.91 936 724 929 603 699 615 706 736
IMG_0595.JPG text 0.91 616 897 508 897 508 1023 616 1023
IMG_0595.JPG text 0.91 1030 456 1019 363 415 437 426 530
IMG_0595.JPG text 0.93 939 757 688 757 688 892 939 892
IMG_0613.JPG text 0.90 1320 476 1305 405 891 493 906 564
IMG_0613.JPG text 0.92 1321 377 1301 275 896 354 916 456
IMG_0613.JPG text 0.93 851 445 797 445 797 550 851 550
IMG_0620.JPG text 0.79 1355 820 1354 740 788 749 789 829
IMG_0620.JPG text 0.84 517 746 300 743 298 895 515 898
IMG_0620.JPG text 0.89 1239 890 1238 836 784 843 785 897
IMG_0621.JPG text 0.54 1392 1000 1379 907 505 1029 518 1122
IMG_0621.JPG text 0.55 916 256 282 211 275 315 909 360
IMG_0621.JPG text 0.73 1168 1152 1160 1103 761 1173 769 1222
IMG_0621.JPG text 0.84 1155 1095 1147 1046 774 1112 782 1161
IMG_0621.JPG text 0.85 1183 412 723 396 720 489 1180 505
IMG_0621.JPG text 0.86 1416 320 965 289 959 369 1410 400
IMG_0621.JPG text 0.86 675 401 603 401 603 747 675 747
IMG_0621.JPG text 0.89 1174 532 749 524 747 611 1172 619
IMG_0621.JPG text 0.90 1201 638 723 638 723 727 1201 727
IMG_0621.JPG text 0.92 1277 197 512 89 498 186 1263 294
IMG_0621.JPG text 0.93 1164 1217 1155 1169 773 1236 782 1284
IMG_0719.JPG text 0.24 84 556 86 518 0 514 0 552
IMG_0719.JPG text 0.78 949 747 938 534 428 560 439 773
IMG_0719.JPG text 0.91 890 205 528 186 521 318 883 337
IMG_0582.JPG text 0.86 1067 915 600 858 594 904 1061 961
IMG_0595.JPG text 0.79 901 345 893 292 630 334 638 387
IMG_0595.JPG text 0.80 993 551 984 473 426 532 435 610
IMG_0595.JPG text 0.86 873 281 860 204 666 238 679 315
IMG_0595.JPG text 0.88 607 623 515 623 515 738 607 738
IMG_0595.JPG text 0.88 611 758 507 758 507 890 611 890
IMG_0595.JPG text 0.90 949 919 731 911 726 1046 944 1054
IMG_0595.JPG text 0.90 598 1055 511 1055 511 1165 598 1165
IMG_0595.JPG text 0.91 941 1080 691 1067 684 1205 934 1218
IMG_0595.JPG text 0.91 936 724 929 603 699 615 706 736
IMG_0595.JPG text 0.91 616 897 508 897 508 1023 616 1023
IMG_0595.JPG text 0.91 1030 456 1019 363 415 437 426 530
IMG_0595.JPG text 0.93 939 757 688 757 688 892 939 892
IMG_0613.JPG text 0.90 1320 476 1305 405 891 493 906 564
IMG_0613.JPG text 0.92 1321 377 1301 275 896 354 916 456
IMG_0613.JPG text 0.93 851 445 797 445 797 550 851 550
IMG_0620.JPG text 0.79 1355 820 1354 740 788 749 789 829
IMG_0620.JPG text 0.84 517 746 300 743 298 895 515 898
IMG_0620.JPG text 0.89 1239 890 1238 836 784 843 785 897
IMG_0621.JPG text 0.54 1392 1000 1379 907 505 1029 518 1122
IMG_0621.JPG text 0.55 916 256 282 211 275 315 909 360
IMG_0621.JPG text 0.73 1168 1152 1160 1103 761 1173 769 1222
IMG_0621.JPG text 0.84 1155 1095 1147 1046 774 1112 782 1161
IMG_0621.JPG text 0.85 1183 412 723 396 720 489 1180 505
IMG_0621.JPG text 0.86 1416 320 965 289 959 369 1410 400
IMG_0621.JPG text 0.86 675 401 603 401 603 747 675 747
IMG_0621.JPG text 0.89 1174 532 749 524 747 611 1172 619
IMG_0621.JPG text 0.90 1201 638 723 638 723 727 1201 727
IMG_0621.JPG text 0.92 1277 197 512 89 498 186 1263 294
IMG_0621.JPG text 0.93 1164 1217 1155 1169 773 1236 782 1284
IMG_0719.JPG text 0.24 84 556 86 518 0 514 0 552
IMG_0719.JPG text 0.78 949 747 938 534 428 560 439 773
IMG_0719.JPG text 0.91 890 205 528 186 521 318 883 337
IMG_0582.JPG text 0.86 1067 915 600 858 594 904 1061 961
IMG_0595.JPG text 0.79 901 345 893 292 630 334 638 387
IMG_0595.JPG text 0.80 993 551 984 473 426 532 435 610
IMG_0595.JPG text 0.86 873 281 860 204 666 238 679 315
IMG_0595.JPG text 0.88 607 623 515 623 515 738 607 738
IMG_0595.JPG text 0.88 611 758 507 758 507 890 611 890
IMG_0595.JPG text 0.90 949 919 731 911 726 1046 944 1054
IMG_0595.JPG text 0.90 598 1055 511 1055 511 1165 598 1165
IMG_0595.JPG text 0.91 941 1080 691 1067 684 1205 934 1218
IMG_0595.JPG text 0.91 936 724 929 603 699 615 706 736
IMG_0595.JPG text 0.91 616 897 508 897 508 1023 616 1023
IMG_0595.JPG text 0.91 1030 456 1019 363 415 437 426 530
IMG_0595.JPG text 0.93 939 757 688 757 688 892 939 892
IMG_0613.JPG text 0.90 1320 476 1305 405 891 493 906 564
IMG_0613.JPG text 0.92 1321 377 1301 275 896 354 916 456
IMG_0613.JPG text 0.93 851 445 797 445 797 550 851 550
IMG_0620.JPG text 0.79 1355 820 1354 740 788 749 789 829
IMG_0620.JPG text 0.84 517 746 300 743 298 895 515 898
IMG_0620.JPG text 0.89 1239 890 1238 836 784 843 785 897
IMG_0621.JPG text 0.54 1392 1000 1379 907 505 1029 518 1122
IMG_0621.JPG text 0.55 916 256 282 211 275 315 909 360
IMG_0621.JPG text 0.73 1168 1152 1160 1103 761 1173 769 1222
IMG_0621.JPG text 0.84 1155 1095 1147 1046 774 1112 782 1161
IMG_0621.JPG text 0.85 1183 412 723 396 720 489 1180 505
IMG_0621.JPG text 0.86 1416 320 965 289 959 369 1410 400
IMG_0621.JPG text 0.86 675 401 603 401 603 747 675 747
IMG_0621.JPG text 0.89 1174 532 749 524 747 611 1172 619
IMG_0621.JPG text 0.90 1201 638 723 638 723 727 1201 727
IMG_0621.JPG text 0.92 1277 197 512 89 498 186 1263 294
IMG_0621.JPG text 0.93 1164 1217 1155 1169 773 1236 782 1284
IMG_0719.JPG text 0.24 84 556 86 518 0 514 0 552
IMG_0719.JPG text 0.78 949 747 938 534 428 560 439 773
IMG_0719.JPG text 0.91 890 205 528 186 521 318 883 337
IMG_0582.JPG text 0.86 1067 915 600 858 594 904 1061 961
IMG_0595.JPG text 0.79 901 345 893 292 630 334 638 387
IMG_0595.JPG text 0.80 993 551 984 473 426 532 435 610
IMG_0595.JPG text 0.86 873 281 860 204 666 238 679 315
IMG_0595.JPG text 0.88 607 623 515 623 515 738 607 738
IMG_0595.JPG text 0.88 611 758 507 758 507 890 611 890
IMG_0595.JPG text 0.90 949 919 731 911 726 1046 944 1054
IMG_0595.JPG text 0.90 598 1055 511 1055 511 1165 598 1165
IMG_0595.JPG text 0.91 941 1080 691 1067 684 1205 934 1218
IMG_0595.JPG text 0.91 936 724 929 603 699 615 706 736
IMG_0595.JPG text 0.91 616 897 508 897 508 1023 616 1023
IMG_0595.JPG text 0.91 1030 456 1019 363 415 437 426 530
IMG_0595.JPG text 0.93 939 757 688 757 688 892 939 892
IMG_0613.JPG text 0.90 1320 476 1305 405 891 493 906 564
IMG_0613.JPG text 0.92 1321 377 1301 275 896 354 916 456
IMG_0613.JPG text 0.93 851 445 797 445 797 550 851 550
IMG_0620.JPG text 0.79 1355 820 1354 740 788 749 789 829
IMG_0620.JPG text 0.84 517 746 300 743 298 895 515 898
IMG_0620.JPG text 0.89 1239 890 1238 836 784 843 785 897
IMG_0621.JPG text 0.54 1392 1000 1379 907 505 1029 518 1122
IMG_0621.JPG text 0.55 916 256 282 211 275 315 909 360
IMG_0621.JPG text 0.73 1168 1152 1160 1103 761 1173 769 1222
IMG_0621.JPG text 0.84 1155 1095 1147 1046 774 1112 782 1161
IMG_0621.JPG text 0.85 1183 412 723 396 720 489 1180 505
IMG_0621.JPG text 0.86 1416 320 965 289 959 369 1410 400
IMG_0621.JPG text 0.86 675 401 603 401 603 747 675 747
IMG_0621.JPG text 0.89 1174 532 749 524 747 611 1172 619
IMG_0621.JPG text 0.90 1201 638 723 638 723 727 1201 727
IMG_0621.JPG text 0.92 1277 197 512 89 498 186 1263 294
IMG_0621.JPG text 0.93 1164 1217 1155 1169 773 1236 782 1284
IMG_0719.JPG text 0.24 84 556 86 518 0 514 0 552
IMG_0719.JPG text 0.78 949 747 938 534 428 560 439 773
IMG_0719.JPG text 0.91 890 205 528 186 521 318 883 337
IMG_0582.JPG text 0.86 1067 915 600 858 594 904 1061 961
IMG_0595.JPG text 0.79 901 345 893 292 630 334 638 387
IMG_0595.JPG text 0.80 993 551 984 473 426 532 435 610
IMG_0595.JPG text 0.86 873 281 860 204 666 238 679 315
IMG_0595.JPG text 0.88 607 623 515 623 515 738 607 738
IMG_0595.JPG text 0.88 611 758 507 758 507 890 611 890
IMG_0595.JPG text 0.90 949 919 731 911 726 1046 944 1054
IMG_0595.JPG text 0.90 598 1055 511 1055 511 1165 598 1165
IMG_0595.JPG text 0.91 941 1080 691 1067 684 1205 934 1218
IMG_0595.JPG text 0.91 936 724 929 603 699 615 706 736
IMG_0595.JPG text 0.91 616 897 508 897 508 1023 616 1023
IMG_0595.JPG text 0.91 1030 456 1019 363 415 437 426 530
IMG_0595.JPG text 0.93 939 757 688 757 688 892 939 892
IMG_0613.JPG text 0.90 1320 476 1305 405 891 493 906 564
IMG_0613.JPG text 0.92 1321 377 1301 275 896 354 916 456
IMG_0613.JPG text 0.93 851 445 797 445 797 550 851 550
IMG_0620.JPG text 0.79 1355 820 1354 740 788 749 789 829
IMG_0620.JPG text 0.84 517 746 300 743 298 895 515 898
IMG_0620.JPG text 0.89 1239 890 1238 836 784 843 785 897
IMG_0621.JPG text 0.54 1392 1000 1379 907 505 1029 518 1122
IMG_0621.JPG text 0.55 916 256 282 211 275 315 909 360
IMG_0621.JPG text 0.73 1168 1152 1160 1103 761 1173 769 1222
IMG_0621.JPG text 0.84 1155 1095 1147 1046 774 1112 782 1161
IMG_0621.JPG text 0.85 1183 412 723 396 720 489 1180 505
IMG_0621.JPG text 0.86 1416 320 965 289 959 369 1410 400
IMG_0621.JPG text 0.86 675 401 603 401 603 747 675 747
IMG_0621.JPG text 0.89 1174 532 749 524 747 611 1172 619
IMG_0621.JPG text 0.90 1201 638 723 638 723 727 1201 727
IMG_0621.JPG text 0.92 1277 197 512 89 498 186 1263 294
IMG_0621.JPG text 0.93 1164 1217 1155 1169 773 1236 782 1284
IMG_0719.JPG text 0.24 84 556 86 518 0 514 0 552
IMG_0719.JPG text 0.78 949 747 938 534 428 560 439 773
IMG_0719.JPG text 0.91 890 205 528 186 521 318 883 337
IMG_0582.JPG text 0.86 1067 915 600 858 594 904 1061 961
IMG_0595.JPG text 0.79 901 345 893 292 630 334 638 387
IMG_0595.JPG text 0.80 993 551 984 473 426 532 435 610
IMG_0595.JPG text 0.86 873 281 860 204 666 238 679 315
IMG_0595.JPG text 0.88 607 623 515 623 515 738 607 738
IMG_0595.JPG text 0.88 611 758 507 758 507 890 611 890
IMG_0595.JPG text 0.90 949 919 731 911 726 1046 944 1054
IMG_0595.JPG text 0.90 598 1055 511 1055 511 1165 598 1165
IMG_0595.JPG text 0.91 941 1080 691 1067 684 1205 934 1218
IMG_0595.JPG text 0.91 936 724 929 603 699 615 706 736
IMG_0595.JPG text 0.91 616 897 508 897 508 1023 616 1023
IMG_0595.JPG text 0.91 1030 456 1019 363 415 437 426 530
IMG_0595.JPG text 0.93 939 757 688 757 688 892 939 892
IMG_0613.JPG text 0.90 1320 476 1305 405 891 493 906 564
IMG_0613.JPG text 0.92 1321 377 1301 275 896 354 916 456
IMG_0613.JPG text 0.93 851 445 797 445 797 550 851 550
IMG_0620.JPG text 0.79 1355 820 1354 740 788 749 789 829
IMG_0620.JPG text 0.84 517 746 300 743 298 895 515 898
IMG_0620.JPG text 0.89 1239 890 1238 836 784 843 785 897
IMG_0621.JPG text 0.54 1392 1000 1379 907 505 1029 518 1122
IMG_0621.JPG text 0.55 916 256 282 211 275 315 909 360
IMG_0621.JPG text 0.73 1168 1152 1160 1103 761 1173 769 1222
IMG_0621.JPG text 0.84 1155 1095 1147 1046 774 1112 782 1161
IMG_0621.JPG text 0.85 1183 412 723 396 720 489 1180 505
IMG_0621.JPG text 0.86 1416 320 965 289 959 369 1410 400
IMG_0621.JPG text 0.86 675 401 603 401 603 747 675 747
IMG_0621.JPG text 0.89 1174 532 749 524 747 611 1172 619
IMG_0621.JPG text 0.90 1201 638 723 638 723 727 1201 727
IMG_0621.JPG text 0.92 1277 197 512 89 498 186 1263 294
IMG_0621.JPG text 0.93 1164 1217 1155 1169 773 1236 782 1284
IMG_0719.JPG text 0.24 84 556 86 518 0 514 0 552
IMG_0719.JPG text 0.78 949 747 938 534 428 560 439 773
IMG_0719.JPG text 0.91 890 205 528 186 521 318 883 337
